Zombie Hall data file 1252022 41324 PM
( -39.6, 42.29607 )
( -39.6, 42.28823 )
( -39.6, 42.19012 )
( -39.6, 42.12342 )
( -39.62291, 42.04101 )
( -39.62288, 41.99392 )
( -39.62288, 41.99392 )
( -39.62316, 41.94291 )
( -39.62346, 41.88798 )
( -39.62991, 41.82912 )
( -39.64506, 41.76633 )
( -39.66119, 41.69963 )
( -39.66846, 41.62899 )
( -39.67113, 41.55444 )
( -39.69011, 41.47596 )
( -39.72223, 41.39355 )
( -39.72227, 41.30723 )
( -39.72227, 41.21698 )
( -39.72227, 41.1228 )
( -39.72227, 41.0247 )
( -39.72227, 40.81673 )
