Zombie Hall data file 1252022 41532 PM
( -39.6, 42.29607 )
( -39.57951, 42.28823 )
( -39.57951, 42.19012 )
( -39.57951, 42.12342 )
( -39.57951, 42.04101 )
( -39.57951, 41.99392 )
( -39.57951, 41.99392 )
( -39.57951, 41.94291 )
( -39.57951, 41.88798 )
( -39.57951, 41.82912 )
( -39.57951, 41.82912 )
( -39.57951, 41.76633 )
( -39.57951, 41.69963 )
( -39.57951, 41.62899 )
( -39.57951, 41.55444 )
( -39.57951, 41.47596 )
( -39.57951, 41.47596 )
( -39.57951, 41.39355 )
( -39.57951, 41.30723 )
( -39.57951, 41.21698 )
( -39.57951, 41.1228 )
( -39.57951, 41.0247 )
( -39.57951, 40.92268 )
( -39.57951, 40.81673 )
( -39.57951, 40.70686 )
( -39.57951, 40.59306 )
( -39.57951, 40.47534 )
( -39.57951, 40.35369 )
( -39.57951, 40.22813 )
( -39.57951, 40.09863 )
( -39.57951, 39.96522 )
( -39.57951, 39.82788 )
( -39.57951, 39.54143 )
( -39.57951, 39.39231 )
( -39.57951, 39.46074 )
( -39.57951, 39.46207 )
( -39.57951, 39.46276 )
( -39.57951, 39.46311 )
( -39.57951, 39.46328 )
( -39.57951, 39.46342 )
( -39.57951, 39.46345 )
( -39.57951, 39.46346 )
( -39.57951, 39.46347 )
( -39.57951, 39.46347 )
( -39.57951, 39.46347 )
( -39.57951, 39.46347 )
( -39.57951, 39.46347 )
( -39.57951, 39.46347 )
( -39.57951, 39.46347 )
( -39.57951, 39.46347 )
( -39.57951, 39.46347 )
( -39.57951, 39.46347 )
( -39.57951, 39.46347 )
( -39.57951, 39.46347 )
( -39.57951, 39.46347 )
( -39.57951, 39.46347 )
( -39.57951, 39.46347 )
( -39.57951, 39.46347 )
( -39.57951, 39.46347 )
( -39.57951, 39.46347 )
( -39.57951, 39.46347 )
( -39.57951, 39.46347 )
( -39.57951, 39.46347 )
( -39.57951, 39.46347 )
( -39.57951, 39.46347 )
( -39.57951, 39.46347 )
( -39.57951, 39.46347 )
( -39.57951, 39.46347 )
( -39.57951, 39.46347 )
( -39.57951, 39.46347 )
( -39.57951, 39.46347 )
( -39.57951, 39.46347 )
( -39.57951, 39.46347 )
( -39.57951, 39.46347 )
( -39.57951, 39.46347 )
( -39.57951, 39.46347 )
( -39.57951, 39.46347 )
( -39.57951, 39.46347 )
( -39.57951, 39.46347 )
( -39.57951, 39.46347 )
( -39.57951, 39.46347 )
( -39.57951, 39.46347 )
( -39.57951, 39.46347 )
( -39.57951, 39.46347 )
( -39.57951, 39.46347 )
( -39.57951, 39.46347 )
( -39.57951, 39.46347 )
( -39.57951, 39.46347 )
( -39.57951, 39.46347 )
( -39.57951, 39.46347 )
( -39.57951, 39.46347 )
( -39.57951, 39.46347 )
( -39.57951, 39.46347 )
( -39.57951, 39.46347 )
( -39.57951, 39.46347 )
( -39.57951, 39.46347 )
( -39.57951, 39.46347 )
( -39.57951, 39.46347 )
( -39.57951, 39.46347 )
( -39.57951, 39.46347 )
( -39.57951, 39.46347 )
( -39.57951, 39.46347 )
( -39.57951, 39.46347 )
( -39.57951, 39.46347 )
( -39.57951, 39.46347 )
( -39.57951, 39.46347 )
( -39.57951, 39.46347 )
( -39.57951, 39.46347 )
( -39.57951, 39.46347 )
( -39.57951, 39.46347 )
( -39.57951, 39.46347 )
( -39.57951, 39.46347 )
( -39.57951, 39.46347 )
( -39.57951, 39.46347 )
( -39.57951, 39.46347 )
( -39.57951, 39.46347 )
( -39.57951, 39.46347 )
( -39.57951, 39.46347 )
( -39.57951, 39.46347 )
( -39.57951, 39.46347 )
( -39.57951, 39.46347 )
( -39.57951, 39.46347 )
( -39.57951, 39.46347 )
( -39.57951, 39.46347 )
( -39.57951, 39.46347 )
( -39.57951, 39.46347 )
( -39.57951, 39.46347 )
( -39.57951, 39.46347 )
( -39.57951, 39.46347 )
( -39.57951, 39.46347 )
( -39.57951, 39.46347 )
( -39.57951, 39.46347 )
( -39.57951, 39.46347 )
( -39.57951, 39.46347 )
( -39.57951, 39.46347 )
( -39.57951, 39.46347 )
( -39.57951, 39.46347 )
( -39.57951, 39.46347 )
( -39.57951, 39.46347 )
( -39.57951, 39.46347 )
( -39.57951, 39.46347 )
( -39.57951, 39.46347 )
( -39.57951, 39.46347 )
( -39.57951, 39.46347 )
( -39.57951, 39.46347 )
( -39.57951, 39.46347 )
( -39.57951, 39.46347 )
( -39.57951, 39.46347 )
( -39.57951, 39.46347 )
( -39.57951, 39.46347 )
( -39.57951, 39.46347 )
( -39.57951, 39.46347 )
( -39.57951, 39.46347 )
( -39.57951, 39.46347 )
( -39.57951, 39.46347 )
( -39.57951, 39.46347 )
( -39.57951, 39.46347 )
( -39.57951, 39.46347 )
( -39.39187, 39.46347 )
( -39.25275, 39.46347 )
( -39.11152, 39.46347 )
( -38.81152, 39.46347 )
( -38.66493, 39.46347 )
( -38.52188, 39.46347 )
( -38.33334, 39.46347 )
( -38.12522, 39.46347 )
( -37.97431, 39.46347 )
( -37.82688, 39.46347 )
( -37.67753, 39.46347 )
( -37.52273, 39.46347 )
( -37.36992, 39.46347 )
( -37.06992, 39.46347 )
( -36.91783, 39.46347 )
( -36.72027, 39.46347 )
( -36.55715, 39.46347 )
( -36.40452, 39.46347 )
( -36.19405, 39.46347 )
( -36.03335, 39.46347 )
( -35.87914, 39.46347 )
( -35.72436, 39.46347 )
( -35.53408, 39.46347 )
( -35.37476, 39.46347 )
( -35.16948, 39.46347 )
( -35.001, 39.46347 )
( -34.84437, 39.46347 )
( -34.67115, 39.46347 )
( -34.51322, 39.46347 )
( -34.35511, 39.46347 )
( -34.15488, 39.46347 )
( -33.98856, 39.46347 )
( -33.81387, 39.46347 )
( -33.65063, 39.46347 )
( -33.48129, 39.46347 )
( -33.31305, 39.46347 )
( -33.14578, 39.46347 )
( -32.93201, 39.46347 )
( -32.76295, 39.46347 )
( -32.59273, 39.46347 )
( -32.41942, 39.46347 )
( -32.25307, 39.46347 )
( -32.08717, 39.46347 )
( -31.91276, 39.46347 )
( -31.70275, 39.46347 )
( -31.53062, 39.46347 )
( -31.362, 39.46347 )
( -31.1854, 39.46347 )
( -31.01578, 39.46347 )
( -30.83365, 39.46347 )
( -30.64883, 39.46347 )
( -30.43176, 39.46347 )
( -30.2595, 39.46347 )
( -30.08477, 39.46347 )
( -29.90989, 39.46347 )
( -29.73092, 39.46347 )
( -29.55598, 39.46347 )
( -29.34251, 39.46347 )
( -29.16567, 39.46347 )
( -28.98606, 39.46347 )
( -28.80521, 39.46347 )
( -28.62576, 39.46347 )
( -28.44269, 39.46347 )
( -28.25998, 39.46347 )
( -28.03454, 39.46347 )
( -27.85287, 39.46347 )
( -27.66927, 39.46347 )
( -27.48202, 39.46347 )
( -27.29962, 39.46347 )
( -27.11272, 39.46347 )
( -26.88226, 39.46347 )
( -26.69359, 39.46347 )
( -26.50889, 39.46347 )
( -26.50889, 39.46347 )
( -26.50889, 39.46347 )
( -26.50889, 39.46347 )
( -26.50889, 39.46347 )
( -26.50889, 39.46347 )
( -26.50889, 39.46347 )
( -26.50889, 39.46347 )
( -26.50889, 39.46347 )
( -26.50889, 39.46347 )
( -26.50889, 39.46347 )
( -26.50889, 39.46347 )
( -26.50889, 39.46347 )
( -26.31849, 39.46347 )
( -26.13182, 39.46347 )
( -25.93974, 39.46347 )
( -25.71218, 39.46347 )
( -25.5275, 39.46347 )
( -25.5275, 39.46347 )
( -25.5275, 39.46347 )
( -25.5275, 39.46347 )
( -25.5275, 39.46347 )
( -25.5275, 39.46347 )
( -25.5275, 39.46347 )
( -25.5275, 39.46347 )
( -25.5275, 39.46347 )
( -25.5275, 39.46347 )
( -25.5275, 39.46347 )
( -25.5275, 39.46347 )
( -25.5275, 39.46347 )
( -25.5275, 39.46347 )
( -25.5275, 39.46347 )
( -25.5275, 39.46347 )
( -25.5275, 39.46347 )
( -25.5275, 39.46347 )
( -25.5275, 39.46347 )
( -25.5275, 39.46347 )
( -25.5275, 39.46347 )
( -25.5275, 39.46347 )
( -25.5275, 39.46347 )
( -25.5275, 39.46347 )
( -25.5275, 39.46347 )
( -25.5275, 39.46347 )
( -25.78066, 39.46347 )
( -25.78066, 39.46347 )
( -25.78066, 39.46347 )
( -25.59611, 40.11108 )
( -25.59611, 40.04045 )
( -25.59611, 39.90703 )
( -25.59611, 39.76577 )
( -25.59611, 39.52248 )
( -25.37656, 39.46268 )
( -25.37656, 39.46342 )
( -25.37656, 39.46347 )
( -25.37656, 39.46347 )
( -25.37656, 39.46347 )
( -25.37656, 39.46347 )
( -25.15723, 39.46347 )
( -24.8991, 39.46347 )
( -24.8991, 39.46347 )
( -25.13026, 39.46347 )
( -25.35556, 39.46347 )
( -25.5779, 39.46347 )
( -25.84512, 39.46347 )
( -26.08745, 39.46347 )
( -26.32213, 39.46347 )
( -26.55114, 39.46347 )
( -26.83765, 39.46347 )
( -27.06553, 39.46347 )
( -27.30109, 39.46347 )
( -27.53888, 39.46347 )
( -27.78284, 39.46347 )
( -28.06252, 39.46347 )
( -28.2967, 39.46347 )
( -28.54739, 39.46347 )
( -28.79174, 39.46347 )
( -29.04535, 39.46347 )
( -29.33939, 39.46347 )
( -29.57232, 39.46347 )
( -29.80983, 39.46347 )
( -30.04149, 39.46347 )
( -30.3236, 39.46347 )
( -30.56467, 39.46347 )
( -30.80945, 39.46347 )
( -31.04945, 39.46347 )
( -31.28886, 39.46347 )
( -31.56641, 39.46347 )
( -31.81893, 39.46347 )
( -32.05999, 39.46347 )
( -32.3036, 39.46347 )
( -32.58014, 39.46347 )
( -32.83715, 39.46347 )
( -33.08575, 39.46347 )
( -33.34041, 39.46347 )
( -33.04041, 39.46347 )
( -32.80162, 39.46347 )
( -32.56506, 39.46347 )
( -32.3289, 39.46347 )
( -32.09714, 39.46347 )
( -31.81724, 39.46347 )
( -31.55634, 39.46347 )
( -31.26441, 39.46347 )
( -30.96441, 39.46347 )
( -30.66646, 39.46347 )
( -30.40451, 39.46347 )
( -30.15598, 39.46347 )
( -29.87832, 39.46347 )
( -29.57832, 39.46347 )
( -29.30697, 39.46347 )
( -29.03434, 39.46347 )
( -28.78645, 39.46347 )
( -28.49016, 39.46347 )
( -28.23295, 39.46347 )
( -27.97024, 39.46347 )
( -27.6989, 39.46347 )
( -27.44388, 39.46347 )
( -27.15443, 39.46347 )
( -26.90036, 39.46347 )
( -26.64185, 39.46347 )
( -26.38752, 39.46347 )
( -26.08752, 39.46347 )
( -25.82541, 39.46347 )
( -25.82541, 39.46347 )
( -25.82541, 39.46347 )
( -25.82541, 39.46347 )
( -25.82541, 39.46347 )
( -25.82541, 39.46347 )
( -25.56233, 39.46347 )
( -25.56233, 39.46347 )
( -25.56233, 39.46347 )
( -25.56233, 39.46347 )
( -25.56233, 39.46347 )
( -25.56233, 39.46347 )
( -25.56233, 39.46347 )
( -25.56233, 39.46347 )
( -25.56233, 39.46347 )
( -25.56233, 39.46347 )
( -25.56233, 39.46347 )
( -25.56233, 39.46347 )
( -32.29538, 26.23218 )
( -32.29538, 26.13015 )
( -32.29538, 26.06971 )
( -32.29538, 26.0706 )
( -32.29538, 26.07063 )
( -32.29538, 26.07063 )
( -32.29538, 26.07063 )
( -32.29538, 26.07063 )
( -31.99538, 26.07063 )
( -31.99538, 26.07063 )
( -32.29538, 26.2204 )
( -32.29538, 26.10268 )
( -32.29538, 26.07041 )
( -32.29538, 26.07062 )
( -32.29538, 26.07063 )
( -31.99538, 26.07063 )
( -31.71748, 26.07063 )
( -31.44555, 26.07063 )
( -31.17247, 26.07063 )
( -30.87247, 26.07063 )
( -30.58511, 26.07063 )
( -30.29984, 26.07063 )
( -30.021, 26.07063 )
( -29.721, 26.07063 )
( -29.4339, 26.07063 )
( -29.15394, 26.07063 )
( -28.85394, 26.07063 )
( -31.49242, 6.29315 )
( -31.49242, 6.26265 )
( -31.49242, 6.263444 )
( -31.49242, 6.263473 )
( -31.49242, 6.263473 )
( -31.49242, 6.263473 )
( -31.49242, 6.263473 )
( -31.19785, 6.263473 )
( -30.91149, 6.263473 )
( -30.6232, 6.263473 )
( -30.3232, 6.263473 )
( -30.04266, 6.263473 )
( -29.74963, 6.263473 )
( -29.44963, 6.263473 )
( -29.15582, 6.263473 )
( -28.86033, 6.263473 )
( -28.5682, 6.263473 )
( -28.2682, 6.263473 )
( -27.97893, 6.263473 )
( -27.67966, 6.263473 )
( -27.37967, 6.263473 )
( -27.08138, 6.263473 )
( -26.78507, 6.263473 )
( -26.48507, 6.263473 )
( -26.18534, 6.263473 )
( -25.88838, 6.263473 )
( -25.5929, 6.263473 )
( -25.2929, 6.263473 )
( -24.9929, 6.263473 )
( -24.6929, 6.263473 )
( -24.6929, 6.263473 )
( -24.6929, 6.263473 )
( -24.6929, 6.263473 )
( -24.6929, 6.263473 )
( -24.6929, 6.263473 )
( -24.6929, 6.263473 )
( -24.6929, 6.263473 )
( -24.6929, 6.263473 )
( -24.6929, 6.263473 )
( -24.3929, 6.263473 )
( -24.0929, 6.263473 )
( -23.7929, 6.263473 )
( -23.4929, 6.263473 )
( -23.1929, 6.263473 )
( -22.8929, 6.263473 )
( -22.5929, 6.263473 )
( -22.2929, 6.263473 )
( -21.9929, 6.263473 )
( -21.69291, 6.263473 )
( -21.39291, 6.263473 )
( -21.09291, 6.263473 )
( -20.79291, 6.263473 )
( -20.49291, 6.263473 )
( -20.19291, 6.263473 )
( -19.89291, 6.263473 )
( -19.59291, 6.263473 )
( -19.59291, 6.263473 )
( -19.59291, 6.263473 )
( -19.53486, -2.953684 )
( -19.53486, -3.024316 )
( -19.53486, -3.024316 )
( -19.53486, -3.024316 )
( -19.53486, -3.024316 )
( -19.53486, -3.024316 )
( -19.23486, -3.024316 )
( -18.93486, -3.024316 )
( -18.63486, -3.024316 )
( -18.33486, -3.024316 )
( -18.03486, -3.024316 )
( -17.73487, -3.024316 )
( -17.43487, -3.024316 )
( -17.13487, -3.024316 )
( -16.83487, -3.024316 )
( -16.53487, -3.024316 )
( -16.23487, -3.024316 )
( -15.93487, -3.024316 )
( -15.63487, -3.024316 )
( -15.33487, -3.024316 )
( -15.03487, -3.024316 )
( -14.73487, -3.024316 )
( -14.43487, -3.024316 )
( -14.13487, -3.024316 )
( -13.83487, -3.024316 )
( -13.53487, -3.024316 )
( -13.53487, -3.024316 )
( -13.53487, -3.024316 )
( -13.23487, -3.024316 )
( -12.93487, -3.024316 )
( -12.93487, -3.024316 )
( -12.93487, -3.024316 )
( -12.63487, -3.024316 )
( -12.63487, -3.024316 )
( -12.63487, -3.024316 )
( -12.63487, -3.024316 )
( -12.63487, -3.024316 )
( -12.63487, -3.024316 )
( -12.63487, -3.024316 )
( -12.63487, -3.024316 )
( -12.63487, -3.024316 )
( -12.63487, -3.024316 )
( -12.63487, -3.024316 )
( -12.63487, -3.024316 )
( -12.63487, -3.024316 )
( -12.63487, -3.024316 )
( -12.63487, -3.024316 )
( -12.63487, -3.024316 )
( -12.63487, -3.024316 )
( -12.63487, -3.024316 )
( -12.63487, -3.024316 )
( -12.63487, -3.024316 )
( -12.63487, -3.024316 )
( -12.63487, -3.024316 )
( -12.63487, -3.024316 )
( -12.63487, -3.024316 )
( -12.63487, -3.024316 )
( -12.63487, -3.024316 )
( -12.63487, -3.024316 )
( -12.63487, -3.024316 )
( -12.63487, -3.024316 )
( -12.63487, -3.024316 )
( -12.63487, -3.024316 )
( -12.63487, -3.024316 )
( -12.63487, -3.024316 )
( -12.63487, -3.024316 )
( -12.63487, -3.024316 )
( -12.63487, -3.024316 )
( -12.63487, -3.024316 )
( -12.63487, -3.024316 )
( -12.63487, -3.024316 )
( -12.63487, -3.024316 )
( -12.63487, -3.024316 )
( -12.63487, -3.024316 )
( -12.63487, -3.024316 )
( -12.63487, -3.024316 )
( -12.63487, -3.024316 )
( -12.63487, -3.024316 )
( -12.63487, -3.024316 )
( -12.63487, -3.024316 )
( -12.63487, -3.024316 )
( -12.63487, -3.024316 )
( -12.63487, -3.024316 )
( -12.63487, -3.024316 )
( -12.63487, -3.024316 )
( -12.63487, -3.024316 )
( -12.63487, -3.024316 )
( -12.63487, -3.024316 )
( -12.63487, -3.024316 )
( -12.63487, -3.024316 )
( -12.63487, -3.024316 )
( -12.63487, -3.024316 )
( -12.63487, -3.024316 )
( -12.63487, -3.024316 )
( -12.63487, -3.024316 )
( -12.63487, -3.024316 )
( -12.63487, -3.024316 )
( -12.63487, -3.024316 )
( -12.63487, -3.024316 )
( -12.63487, -3.024316 )
( -12.63487, -3.024316 )
( -12.63487, -3.024316 )
( -12.63487, -3.024316 )
( -12.63487, -3.024316 )
( -12.63487, -3.024316 )
( -12.63487, -3.024316 )
( -12.63487, -3.024316 )
( -12.63487, -3.024316 )
( -12.63487, -3.024316 )
( -12.63487, -3.024316 )
( -12.63487, -3.024316 )
( -12.63487, -3.024316 )
( -12.63487, -3.024316 )
( -12.63487, -3.024316 )
( -12.63487, -3.024316 )
( -12.63487, -3.024316 )
( -12.63487, -3.024316 )
( -12.63487, -3.024316 )
( -12.63487, -3.024316 )
( -12.63487, -3.024316 )
( -12.63487, -3.024316 )
( -12.63487, -3.024316 )
( -12.63487, -3.024316 )
( -12.63487, -3.024316 )
( -12.63487, -3.024316 )
( -12.63487, -3.024316 )
( -12.63487, -3.024316 )
( -12.63487, -3.024316 )
( -12.63487, -3.024316 )
( -12.63487, -3.024316 )
( -12.63487, -3.024316 )
( -12.63487, -3.024316 )
( -12.63487, -3.024316 )
( -12.63487, -3.024316 )
( -12.63487, -3.024316 )
( -12.63487, -3.024316 )
( -12.63487, -3.024316 )
( -12.63487, -3.024316 )
( -12.63487, -3.024316 )
( -12.63487, -3.024316 )
( -12.63487, -3.024316 )
( -12.63487, -3.024316 )
( -12.63487, -3.024316 )
( -12.63487, -3.024316 )
( -12.63487, -3.024316 )
( -12.63487, -3.024316 )
( -12.63487, -3.024316 )
( -12.63487, -3.024316 )
( -12.63487, -3.024316 )
( -12.63487, -3.024316 )
( -12.63487, -3.024316 )
( -12.63487, -3.024316 )
( -12.63487, -3.024316 )
( -12.63487, -3.024316 )
( -12.63487, -3.024316 )
( -12.63487, -3.024316 )
( -12.63487, -3.024316 )
( -12.33487, -3.024316 )
( -12.03487, -3.024316 )
( -11.73487, -3.024316 )
( -11.43487, -3.010508 )
( -11.13487, -2.996743 )
( -10.83487, -2.996533 )
( -10.53487, -2.996526 )
( -10.23487, -2.996526 )
( -9.934865, -2.996526 )
( -9.634865, -2.996526 )
( -9.334865, -2.996526 )
( -9.034864, -2.996526 )
( -8.734864, -2.996526 )
( -8.434864, -3.00045 )
( -8.134864, -3.00045 )
( -7.834864, -3.00045 )
( -7.534863, -3.00045 )
( -7.234863, -3.00045 )
( -6.934863, -3.00045 )
( -6.634863, -3.00045 )
( -6.334863, -3.00045 )
( -6.034863, -3.00045 )
( -5.734862, -3.00045 )
( -5.434862, -3.00045 )
( -5.134862, -3.00045 )
( -4.834862, -3.00045 )
( -4.534862, -3.00045 )
( -4.234861, -3.00045 )
( -3.934861, -3.00045 )
( -3.634861, -3.00045 )
( -3.334862, -3.00045 )
( -3.034862, -3.00045 )
( -2.734862, -3.00045 )
( 3.225786, -12.20753 )
( 3.225786, -12.34487 )
( 3.225786, -12.43833 )
( 3.225786, -12.43659 )
( 3.225786, -12.43653 )
( 3.525786, -12.43653 )
( 3.825786, -12.43653 )
( 4.125786, -12.43653 )
( 4.425786, -12.43653 )
( 4.725786, -12.43653 )
( 5.025786, -12.43653 )
( 5.325787, -12.43653 )
( 5.625787, -12.43653 )
( 5.925787, -12.43653 )
( 6.225787, -12.43653 )
( 6.525787, -12.43653 )
( 6.825788, -12.43653 )
( 7.125788, -12.43653 )
( 7.425788, -12.43653 )
( 7.425788, -12.43653 )
( 7.125788, -12.43653 )
( 6.825788, -12.43653 )
( 6.525787, -12.43653 )
( 6.525787, -12.43653 )
( 6.525787, -12.43653 )
( 6.525787, -12.43653 )
( 6.525787, -12.43653 )
( 6.225787, -12.43653 )
( 5.925787, -12.43653 )
( 5.625787, -12.43653 )
( 5.325787, -12.43653 )
( 5.025786, -12.43653 )
( 4.725786, -12.43653 )
( 4.425786, -12.43653 )
( 4.125786, -12.43653 )
( 3.825786, -12.43653 )
( 3.525786, -12.43653 )
( 3.525786, -12.43653 )
( 3.525786, -12.43653 )
( 3.525786, -12.43653 )
( -2.934946, -2.397527 )
( -2.934946, -2.534867 )
( -3.234946, -2.770307 )
( -3.234946, -3.005445 )
( -3.234946, -3.002126 )
( -3.534946, -3.002009 )
( -3.834946, -3.002006 )
( -4.134946, -3.002006 )
( -4.434946, -3.002006 )
( -4.734946, -3.002006 )
( -5.034946, -3.002006 )
( -5.334947, -3.002006 )
( -5.63599, -3.003843 )
( -5.93599, -3.00207 )
( -6.23599, -3.002007 )
( -6.53599, -3.002006 )
( -6.83599, -3.002006 )
( -7.135991, -3.002006 )
( -7.435991, -3.002006 )
( -7.735991, -3.002006 )
( -8.035991, -3.002006 )
( -8.335991, -3.002006 )
( -8.635991, -3.002006 )
( -8.935991, -3.002006 )
( -9.235991, -2.996718 )
( -9.535992, -2.996532 )
( -9.835992, -2.996526 )
( -10.13599, -2.996526 )
( -10.43599, -2.996526 )
( -10.73599, -2.996526 )
( -11.03599, -2.996526 )
( -11.03599, -2.996526 )
( -11.03599, -2.996526 )
( -11.03599, -2.996526 )
( -11.03599, -2.996526 )
( -11.33599, -2.996526 )
( -11.63599, -2.996526 )
( -11.93599, -3.031627 )
( -12.23599, -3.027438 )
( -12.53599, -3.027291 )
( -12.83599, -3.027286 )
( -13.13599, -3.027286 )
( -13.43599, -3.027286 )
( -13.43599, -3.027286 )
( -13.43599, -3.027286 )
( -13.43599, -3.027286 )
( -13.43599, -3.027286 )
( -13.43599, -3.027286 )
( -13.73599, -3.027286 )
( -14.03599, -3.027286 )
( -14.33599, -3.027286 )
( -14.63599, -3.027286 )
( -14.63599, -3.027286 )
( -14.63599, -3.027286 )
( -14.63599, -3.027286 )
( -14.936, -3.027286 )
( -15.236, -3.027286 )
( -15.536, -3.027286 )
( -15.836, -3.027286 )
( -15.836, -3.027286 )
( -15.836, -3.027286 )
( -15.836, -3.027286 )
( -15.836, -3.027286 )
( -15.836, -3.027286 )
( -15.836, -3.027286 )
( -15.836, -3.027286 )
( -15.836, -3.027286 )
( -15.836, -3.027286 )
( -15.836, -3.027286 )
( -15.836, -3.027286 )
( -15.836, -3.027286 )
( -15.836, -3.027286 )
( -15.836, -3.027286 )
( -15.836, -3.027286 )
( -15.836, -3.027286 )
( -15.836, -3.027286 )
( -15.836, -3.027286 )
( -15.836, -3.027286 )
( -15.836, -3.027286 )
( -15.836, -3.027286 )
( -15.836, -3.027286 )
( -15.836, -3.027286 )
( -15.836, -3.027286 )
( -15.836, -3.027286 )
( -15.836, -3.027286 )
( -15.836, -3.027286 )
( -15.836, -3.027286 )
( -15.836, -3.027286 )
( -15.836, -3.027286 )
( -15.836, -3.027286 )
( -15.836, -3.027286 )
( -15.836, -3.027286 )
( -15.836, -3.027286 )
( -15.836, -3.027286 )
( -15.836, -3.027286 )
( -15.836, -3.027286 )
( -15.836, -3.027286 )
( -15.836, -3.027286 )
( -15.836, -3.027286 )
( -15.836, -3.027286 )
( -15.836, -3.027286 )
( -15.836, -3.027286 )
( -15.836, -3.027286 )
( -15.836, -3.027286 )
( -15.836, -3.027286 )
( -15.836, -3.027286 )
( -15.836, -3.027286 )
( -15.836, -3.027286 )
( -15.836, -3.027286 )
( -15.836, -3.027286 )
( -15.836, -3.027286 )
( -15.836, -3.027286 )
( -15.836, -3.027286 )
( -15.836, -3.027286 )
( -15.836, -3.027286 )
( -15.836, -3.027286 )
( -15.836, -3.027286 )
( -15.836, -3.027286 )
( -15.836, -3.027286 )
( -15.836, -3.027286 )
( -15.836, -3.027286 )
( -15.836, -3.027286 )
( -15.836, -3.027286 )
( -15.836, -3.027286 )
( -15.836, -3.027286 )
( -15.836, -3.027286 )
( -15.836, -3.027286 )
( -15.836, -3.027286 )
( -15.836, -3.027286 )
( -15.836, -3.027286 )
( -15.836, -3.027286 )
( -15.836, -3.027286 )
( -15.836, -3.027286 )
( -15.836, -3.027286 )
( -15.836, -3.027286 )
( -15.836, -3.027286 )
( -15.836, -3.027286 )
( -15.836, -3.027286 )
( -15.836, -3.027286 )
( -15.836, -3.027286 )
( -15.836, -3.027286 )
( -15.836, -3.027286 )
( -15.836, -3.027286 )
( -15.836, -3.027286 )
( -15.836, -3.027286 )
( -15.836, -3.027286 )
( -15.836, -3.027286 )
( -15.836, -3.027286 )
( -15.836, -3.027286 )
( -15.836, -3.027286 )
( -15.836, -3.027286 )
( -15.836, -3.027286 )
( -15.836, -3.027286 )
( -15.836, -3.027286 )
( -15.836, -3.027286 )
( -15.836, -3.027286 )
( -15.836, -3.027286 )
( -15.836, -3.027286 )
( -15.836, -3.027286 )
( -15.836, -3.027286 )
( -15.836, -3.027286 )
( -15.836, -3.027286 )
( -15.836, -3.027286 )
( -15.836, -3.027286 )
( -15.836, -3.027286 )
( -15.836, -3.027286 )
