Zombie Hall data file 1252022 41423 PM
( -39.6, 42.29607 )
( -39.57951, 42.28823 )
( -39.57951, 42.19012 )
( -39.57951, 42.12342 )
( -39.57951, 42.04101 )
( -39.57951, 41.99392 )
( -39.57951, 41.99392 )
( -39.57951, 41.94291 )
( -39.57951, 41.88798 )
( -39.57951, 41.82912 )
( -39.57951, 41.82912 )
( -39.57951, 41.76633 )
( -39.57951, 41.69963 )
( -39.57951, 41.62899 )
( -39.57951, 41.55444 )
( -39.57951, 41.47596 )
( -39.57951, 41.47596 )
( -39.57951, 41.39355 )
( -39.57951, 41.30723 )
( -39.57951, 41.21698 )
( -39.57951, 41.1228 )
( -39.57951, 41.0247 )
( -39.57951, 40.92268 )
( -39.57951, 40.81673 )
( -39.57951, 40.70686 )
( -39.57951, 40.59306 )
( -39.57951, 40.47534 )
( -39.57951, 40.35369 )
( -39.57951, 40.22813 )
( -39.57951, 40.09863 )
( -39.57951, 39.96522 )
( -39.57951, 39.82788 )
( -39.57951, 39.54143 )
( -39.57951, 39.39231 )
( -39.57951, 39.46074 )
( -39.57951, 39.46207 )
( -39.57951, 39.46276 )
( -39.57951, 39.46311 )
( -39.57951, 39.46328 )
( -39.57951, 39.46342 )
( -39.57951, 39.46345 )
( -39.57951, 39.46346 )
( -39.57951, 39.46347 )
( -39.57951, 39.46347 )
( -39.57951, 39.46347 )
( -39.57951, 39.46347 )
( -39.57951, 39.46347 )
( -39.57951, 39.46347 )
( -39.57951, 39.46347 )
( -39.57951, 39.46347 )
( -39.57951, 39.46347 )
( -39.57951, 39.46347 )
( -39.57951, 39.46347 )
( -39.57951, 39.46347 )
( -39.57951, 39.46347 )
( -39.57951, 39.46347 )
( -39.57951, 39.46347 )
( -39.57951, 39.46347 )
( -39.57951, 39.46347 )
( -39.57951, 39.46347 )
( -39.57951, 39.46347 )
( -39.57951, 39.46347 )
( -39.57951, 39.46347 )
( -39.57951, 39.46347 )
( -39.57951, 39.46347 )
( -39.57951, 39.46347 )
( -39.57951, 39.46347 )
( -39.57951, 39.46347 )
( -39.57951, 39.46347 )
( -39.57951, 39.46347 )
( -39.57951, 39.46347 )
( -39.57951, 39.46347 )
( -39.57951, 39.46347 )
( -39.57951, 39.46347 )
( -39.57951, 39.46347 )
( -39.57951, 39.46347 )
( -39.57951, 39.46347 )
( -39.57951, 39.46347 )
( -39.57951, 39.46347 )
( -39.57951, 39.46347 )
( -39.57951, 39.46347 )
( -39.57951, 39.46347 )
( -39.57951, 39.46347 )
( -39.57951, 39.46347 )
( -39.57951, 39.46347 )
( -39.57951, 39.46347 )
( -39.57951, 39.46347 )
( -39.57951, 39.46347 )
( -39.57951, 39.46347 )
( -39.57951, 39.46347 )
( -39.57951, 39.46347 )
( -39.57951, 39.46347 )
( -39.57951, 39.46347 )
( -39.57951, 39.46347 )
( -39.57951, 39.46347 )
( -39.57951, 39.46347 )
( -39.57951, 39.46347 )
( -39.57951, 39.46347 )
( -39.57951, 39.46347 )
( -39.57951, 39.46347 )
( -39.57951, 39.46347 )
( -39.57951, 39.46347 )
( -39.57951, 39.46347 )
( -39.57951, 39.46347 )
( -39.57951, 39.46347 )
( -39.57951, 39.46347 )
( -39.57951, 39.46347 )
( -39.57951, 39.46347 )
( -39.57951, 39.46347 )
( -39.57951, 39.46347 )
( -39.57951, 39.46347 )
( -39.57951, 39.46347 )
( -39.57951, 39.46347 )
( -39.57951, 39.46347 )
( -39.57951, 39.46347 )
( -39.57951, 39.46347 )
( -39.57951, 39.46347 )
( -39.57951, 39.46347 )
( -39.57951, 39.46347 )
( -39.57951, 39.46347 )
( -39.57951, 39.46347 )
( -39.57951, 39.46347 )
( -39.57951, 39.46347 )
( -39.57951, 39.46347 )
( -39.57951, 39.46347 )
( -39.57951, 39.46347 )
( -39.57951, 39.46347 )
( -39.57951, 39.46347 )
( -39.57951, 39.46347 )
( -39.57951, 39.46347 )
( -39.57951, 39.46347 )
( -39.57951, 39.46347 )
( -39.57951, 39.46347 )
( -39.57951, 39.46347 )
( -39.57951, 39.46347 )
( -39.57951, 39.46347 )
( -39.57951, 39.46347 )
( -39.57951, 39.46347 )
( -39.57951, 39.46347 )
( -39.57951, 39.46347 )
( -39.57951, 39.46347 )
( -39.57951, 39.46347 )
( -39.57951, 39.46347 )
( -39.57951, 39.46347 )
( -39.57951, 39.46347 )
( -39.57951, 39.46347 )
( -39.57951, 39.46347 )
( -39.57951, 39.46347 )
( -39.57951, 39.46347 )
( -39.57951, 39.46347 )
( -39.57951, 39.46347 )
( -39.57951, 39.46347 )
( -39.57951, 39.46347 )
( -39.57951, 39.46347 )
( -39.57951, 39.46347 )
( -39.57951, 39.46347 )
( -39.57951, 39.46347 )
( -39.57951, 39.46347 )
( -39.39187, 39.46347 )
( -39.25275, 39.46347 )
( -39.11152, 39.46347 )
( -38.81152, 39.46347 )
( -38.66493, 39.46347 )
( -38.52188, 39.46347 )
( -38.33334, 39.46347 )
( -38.12522, 39.46347 )
( -37.97431, 39.46347 )
( -37.82688, 39.46347 )
( -37.67753, 39.46347 )
( -37.52273, 39.46347 )
( -37.36992, 39.46347 )
( -37.06992, 39.46347 )
( -36.91783, 39.46347 )
( -36.72027, 39.46347 )
( -36.55715, 39.46347 )
( -36.40452, 39.46347 )
( -36.19405, 39.46347 )
( -36.03335, 39.46347 )
( -35.87914, 39.46347 )
( -35.72436, 39.46347 )
( -35.53408, 39.46347 )
( -35.37476, 39.46347 )
( -35.16948, 39.46347 )
( -35.001, 39.46347 )
( -34.84437, 39.46347 )
( -34.67115, 39.46347 )
( -34.51322, 39.46347 )
( -34.35511, 39.46347 )
( -34.15488, 39.46347 )
( -33.98856, 39.46347 )
( -33.81387, 39.46347 )
( -33.65063, 39.46347 )
( -33.48129, 39.46347 )
( -33.31305, 39.46347 )
( -33.14578, 39.46347 )
( -32.93201, 39.46347 )
( -32.76295, 39.46347 )
( -32.59273, 39.46347 )
( -32.41942, 39.46347 )
( -32.25307, 39.46347 )
( -32.08717, 39.46347 )
( -31.91276, 39.46347 )
( -31.70275, 39.46347 )
( -31.53062, 39.46347 )
( -31.362, 39.46347 )
( -31.1854, 39.46347 )
( -31.01578, 39.46347 )
( -30.83365, 39.46347 )
( -30.64883, 39.46347 )
( -30.43176, 39.46347 )
( -30.2595, 39.46347 )
( -30.08477, 39.46347 )
( -29.90989, 39.46347 )
( -29.73092, 39.46347 )
( -29.55598, 39.46347 )
( -29.34251, 39.46347 )
( -29.16567, 39.46347 )
( -28.98606, 39.46347 )
( -28.80521, 39.46347 )
( -28.62576, 39.46347 )
( -28.44269, 39.46347 )
( -28.25998, 39.46347 )
( -28.03454, 39.46347 )
( -27.85287, 39.46347 )
( -27.66927, 39.46347 )
( -27.48202, 39.46347 )
( -27.29962, 39.46347 )
( -27.11272, 39.46347 )
( -26.88226, 39.46347 )
( -26.69359, 39.46347 )
( -26.50889, 39.46347 )
( -26.50889, 39.46347 )
( -26.50889, 39.46347 )
( -26.50889, 39.46347 )
( -26.50889, 39.46347 )
( -26.50889, 39.46347 )
( -26.50889, 39.46347 )
( -26.50889, 39.46347 )
( -26.50889, 39.46347 )
( -26.50889, 39.46347 )
( -26.50889, 39.46347 )
( -26.50889, 39.46347 )
( -26.50889, 39.46347 )
( -26.31849, 39.46347 )
( -26.13182, 39.46347 )
( -25.93974, 39.46347 )
( -25.71218, 39.46347 )
( -25.5275, 39.46347 )
( -25.5275, 39.46347 )
( -25.5275, 39.46347 )
( -25.5275, 39.46347 )
( -25.5275, 39.46347 )
( -25.5275, 39.46347 )
( -25.5275, 39.46347 )
( -25.5275, 39.46347 )
( -25.5275, 39.46347 )
( -25.5275, 39.46347 )
( -25.5275, 39.46347 )
( -25.5275, 39.46347 )
( -25.5275, 39.46347 )
( -25.5275, 39.46347 )
( -25.5275, 39.46347 )
( -25.5275, 39.46347 )
( -25.5275, 39.46347 )
( -25.5275, 39.46347 )
( -25.5275, 39.46347 )
( -25.5275, 39.46347 )
( -25.5275, 39.46347 )
( -25.5275, 39.46347 )
( -25.5275, 39.46347 )
( -25.5275, 39.46347 )
( -25.5275, 39.46347 )
( -25.5275, 39.46347 )
( -25.78066, 39.46347 )
( -25.78066, 39.46347 )
( -25.78066, 39.46347 )
( -25.59611, 40.11108 )
( -25.59611, 40.04045 )
( -25.59611, 39.90703 )
( -25.59611, 39.76577 )
( -25.59611, 39.52248 )
( -25.37656, 39.46268 )
( -25.37656, 39.46342 )
( -25.37656, 39.46347 )
( -25.37656, 39.46347 )
( -25.37656, 39.46347 )
( -25.37656, 39.46347 )
( -25.15723, 39.46347 )
( -24.8991, 39.46347 )
( -24.8991, 39.46347 )
( -25.13026, 39.46347 )
( -25.35556, 39.46347 )
( -25.5779, 39.46347 )
( -25.84512, 39.46347 )
( -26.08745, 39.46347 )
( -26.32213, 39.46347 )
( -26.55114, 39.46347 )
( -26.83765, 39.46347 )
( -27.06553, 39.46347 )
( -27.30109, 39.46347 )
( -27.53888, 39.46347 )
( -27.78284, 39.46347 )
( -28.06252, 39.46347 )
( -28.2967, 39.46347 )
( -28.54739, 39.46347 )
( -28.79174, 39.46347 )
( -29.04535, 39.46347 )
( -29.33939, 39.46347 )
( -29.57232, 39.46347 )
( -29.80983, 39.46347 )
( -30.04149, 39.46347 )
( -30.3236, 39.46347 )
( -30.56467, 39.46347 )
( -30.80945, 39.46347 )
( -31.04945, 39.46347 )
( -31.28886, 39.46347 )
( -31.56641, 39.46347 )
( -31.81893, 39.46347 )
( -32.05999, 39.46347 )
( -32.3036, 39.46347 )
( -32.58014, 39.46347 )
( -32.83715, 39.46347 )
( -33.08575, 39.46347 )
( -33.34041, 39.46347 )
( -33.04041, 39.46347 )
( -32.80162, 39.46347 )
( -32.56506, 39.46347 )
( -32.3289, 39.46347 )
( -32.09714, 39.46347 )
( -31.81724, 39.46347 )
( -31.55634, 39.46347 )
( -31.26441, 39.46347 )
( -30.96441, 39.46347 )
( -30.66646, 39.46347 )
( -30.40451, 39.46347 )
( -30.15598, 39.46347 )
( -29.87832, 39.46347 )
( -29.57832, 39.46347 )
( -29.30697, 39.46347 )
( -29.03434, 39.46347 )
( -28.78645, 39.46347 )
( -28.49016, 39.46347 )
( -28.23295, 39.46347 )
( -27.97024, 39.46347 )
( -27.6989, 39.46347 )
( -27.44388, 39.46347 )
( -27.15443, 39.46347 )
( -26.90036, 39.46347 )
( -26.64185, 39.46347 )
( -26.38752, 39.46347 )
( -26.08752, 39.46347 )
( -25.82541, 39.46347 )
( -25.82541, 39.46347 )
( -25.82541, 39.46347 )
( -25.82541, 39.46347 )
( -25.82541, 39.46347 )
( -25.82541, 39.46347 )
( -25.56233, 39.46347 )
( -25.56233, 39.46347 )
( -25.56233, 39.46347 )
( -25.56233, 39.46347 )
( -25.56233, 39.46347 )
( -25.56233, 39.46347 )
( -25.56233, 39.46347 )
( -25.56233, 39.46347 )
( -25.56233, 39.46347 )
( -25.56233, 39.46347 )
( -25.56233, 39.46347 )
( -25.56233, 39.46347 )
( -32.29538, 26.23218 )
( -32.29538, 26.13015 )
( -32.29538, 26.06971 )
( -32.29538, 26.0706 )
( -32.29538, 26.07063 )
( -32.29538, 26.07063 )
