Zombie Hall data file 1252022 41334 PM
( -39.6, 42.29607 )
( -39.6, 42.28823 )
( -39.6, 42.19012 )
( -39.6, 42.12342 )
( -39.62291, 42.04101 )
( -39.62288, 41.99392 )
( -39.62288, 41.99392 )
( -39.62316, 41.94291 )
( -39.62346, 41.88798 )
( -39.62991, 41.82912 )
( -39.64506, 41.76633 )
( -39.66119, 41.69963 )
( -39.66846, 41.62899 )
( -39.67113, 41.55444 )
( -39.69011, 41.47596 )
( -39.72223, 41.39355 )
( -39.72227, 41.30723 )
( -39.72227, 41.21698 )
( -39.72227, 41.1228 )
( -39.72227, 41.0247 )
( -39.72227, 40.81673 )
( -39.72227, 40.22813 )
( -39.69223, 40.09863 )
( -39.69058, 39.96522 )
( -39.68975, 39.82788 )
( -39.68805, 39.68661 )
( -39.68721, 39.54143 )
( -39.68722, 39.39231 )
( -39.68724, 39.46074 )
( -39.68622, 39.46311 )
( -39.68668, 39.46342 )
( -39.68686, 39.46347 )
( -39.68702, 39.46347 )
( -39.6867, 39.46347 )
( -39.6867, 39.46347 )
( -39.6867, 39.46347 )
( -39.6867, 39.46347 )
( -39.68485, 39.46347 )
( -39.68356, 39.46347 )
( -39.68081, 39.46347 )
( -39.6797, 39.46347 )
( -39.67783, 39.46347 )
( -39.675, 39.46347 )
( -39.67095, 39.46347 )
( -39.66804, 39.46347 )
( -39.66397, 39.46347 )
( -39.66206, 39.46347 )
( -39.65981, 39.46347 )
( -39.65646, 39.46347 )
( -39.64388, 39.46347 )
( -39.64328, 39.46347 )
( -39.64241, 39.46347 )
( -39.64149, 39.46347 )
( -39.63927, 39.46347 )
( -39.63565, 39.46347 )
( -39.63248, 39.46347 )
( -39.62988, 39.46347 )
( -39.62846, 39.46347 )
( -39.62796, 39.46347 )
( -39.62796, 39.46347 )
( -39.62796, 39.46347 )
( -39.62798, 39.46347 )
( -39.62728, 39.46347 )
( -39.61857, 39.46347 )
( -39.61687, 39.46347 )
( -39.6174, 39.46347 )
( -39.64479, 39.46347 )
( -39.63485, 39.46347 )
( -39.65965, 39.46347 )
( -39.65969, 39.46347 )
( -39.65969, 39.46347 )
( -39.65969, 39.46347 )
( -39.65969, 39.46347 )
( -39.65969, 39.46347 )
( -39.65969, 39.46347 )
( -39.65969, 39.46347 )
( -39.65969, 39.46347 )
( -39.65969, 39.46347 )
( -39.65969, 39.46347 )
( -39.65969, 39.46347 )
( -39.65969, 39.46347 )
( -39.65969, 39.46347 )
( -39.65969, 39.46347 )
( -39.65969, 39.46347 )
( -39.65969, 39.46347 )
( -39.65969, 39.46347 )
( -39.65969, 39.46347 )
( -39.65969, 39.46347 )
( -39.65969, 39.46347 )
( -39.65969, 39.46347 )
( -39.65969, 39.46347 )
( -39.65969, 39.46347 )
( -39.65969, 39.46347 )
( -39.65969, 39.46347 )
( -39.65969, 39.46347 )
( -39.65969, 39.46347 )
( -39.65969, 39.46347 )
( -39.65969, 39.46347 )
( -39.65969, 39.46347 )
( -39.65969, 39.46347 )
( -39.65969, 39.46347 )
( -39.65969, 39.46347 )
( -39.65969, 39.46347 )
( -39.65969, 39.46347 )
( -39.65969, 39.46347 )
( -39.65969, 39.46347 )
( -39.65969, 39.46347 )
( -39.65969, 39.46347 )
( -39.65969, 39.46347 )
( -39.65969, 39.46347 )
( -39.65969, 39.46347 )
( -39.65969, 39.46347 )
( -39.65969, 39.46347 )
( -39.65969, 39.46347 )
( -39.65969, 39.46347 )
( -39.65969, 39.46347 )
( -39.65969, 39.46347 )
( -39.65969, 39.46347 )
( -39.65969, 39.46347 )
( -39.65969, 39.46347 )
( -39.65969, 39.46347 )
( -39.64722, 39.46347 )
( -39.63835, 39.46347 )
( -39.63136, 39.46347 )
( -39.62604, 39.46347 )
( -39.62316, 39.46347 )
( -39.64562, 39.46347 )
( -39.64498, 39.46347 )
( -39.64498, 39.46347 )
( -39.64498, 39.46347 )
( -39.64498, 39.46347 )
( -39.64498, 39.46347 )
( -39.64498, 39.46347 )
( -39.64498, 39.46347 )
( -39.64498, 39.46347 )
( -39.64498, 39.46347 )
( -39.64498, 39.46347 )
( -39.64471, 39.46347 )
( -39.64426, 39.46347 )
( -39.64436, 39.46347 )
( -39.64563, 39.46347 )
( -39.64504, 39.46347 )
( -39.64883, 39.46347 )
( -39.66099, 39.46347 )
( -39.6884, 39.46347 )
( -39.73744, 39.46347 )
( -39.66978, 39.46347 )
( -39.66978, 39.46347 )
( -39.66978, 39.46347 )
( -39.66978, 39.46347 )
( -39.66978, 39.46347 )
( -39.66978, 39.46347 )
( -39.66978, 39.46347 )
( -39.66978, 39.46347 )
( -39.66978, 39.46347 )
( -39.66978, 39.46347 )
( -39.66978, 39.46347 )
( -39.66978, 39.46347 )
( -39.66978, 39.46347 )
( -39.67546, 39.46347 )
( -39.67546, 39.46347 )
( -39.67546, 39.46347 )
( -39.67546, 39.46347 )
( -39.67546, 39.46347 )
( -39.67546, 39.46347 )
( -39.67546, 39.46347 )
( -39.67546, 39.46347 )
( -39.67546, 39.46347 )
( -39.67546, 39.46347 )
( -39.67546, 39.46347 )
( -39.67546, 39.46347 )
( -39.67546, 39.46347 )
( -39.67546, 39.46347 )
( -39.67546, 39.46347 )
( -39.67546, 39.46347 )
( -39.67546, 39.46347 )
( -39.67546, 39.46347 )
( -39.67546, 39.46347 )
( -39.6196, 39.46347 )
( -39.57624, 39.46347 )
( -39.5468, 39.46347 )
( -39.5468, 39.46347 )
( -39.5468, 39.46347 )
( -39.5468, 39.46347 )
( -39.5468, 39.46347 )
( -39.5468, 39.46347 )
( -39.5468, 39.46347 )
( -39.5468, 39.46347 )
( -39.5468, 39.46347 )
( -39.5468, 39.46347 )
( -39.5468, 39.46347 )
( -39.5468, 39.46347 )
( -39.5468, 39.46347 )
( -39.5468, 39.46347 )
( -39.5468, 39.46347 )
( -39.5468, 39.46347 )
( -39.5468, 39.46347 )
( -39.5468, 39.46347 )
( -39.5468, 39.46347 )
( -39.5468, 39.46347 )
( -39.5468, 39.46347 )
( -39.5468, 39.46347 )
( -39.5468, 39.46347 )
( -39.5468, 39.46347 )
( -39.5468, 39.46347 )
( -39.5468, 39.46347 )
( -39.5468, 39.46347 )
( -39.5468, 39.46347 )
( -39.5468, 39.46347 )
( -39.5468, 39.46347 )
( -39.5468, 39.46347 )
( -39.5468, 39.46347 )
( -39.5468, 39.46347 )
( -39.5468, 39.46347 )
( -39.5468, 39.46347 )
( -39.5468, 39.46347 )
( -39.5468, 39.46347 )
( -39.5468, 39.46347 )
( -39.5468, 39.46347 )
( -39.5468, 39.46347 )
( -39.5468, 39.46347 )
( -39.5468, 39.46347 )
( -39.5468, 39.46347 )
( -39.5468, 39.46347 )
( -39.5468, 39.46347 )
( -39.5468, 39.46347 )
