Zombie Hall data file 1252022 41408 PM
( -39.6, 42.29607 )
( -39.57951, 42.28823 )
( -39.57951, 42.19012 )
( -39.57951, 42.12342 )
( -39.57951, 42.04101 )
( -39.57951, 41.99392 )
( -39.57951, 41.99392 )
( -39.57951, 41.94291 )
( -39.57951, 41.88798 )
( -39.57951, 41.82912 )
( -39.57951, 41.82912 )
( -39.57951, 41.76633 )
( -39.57951, 41.69963 )
( -39.57951, 41.62899 )
( -39.57951, 41.55444 )
( -39.57951, 41.47596 )
( -39.57951, 41.47596 )
( -39.57951, 41.39355 )
( -39.57951, 41.30723 )
( -39.57951, 41.21698 )
( -39.57951, 41.1228 )
( -39.57951, 41.0247 )
( -39.57951, 40.92268 )
( -39.57951, 40.81673 )
( -39.57951, 40.70686 )
( -39.57951, 40.59306 )
( -39.57951, 40.47534 )
( -39.57951, 40.35369 )
( -39.57951, 40.22813 )
( -39.57951, 40.09863 )
( -39.57951, 39.96522 )
( -39.57951, 39.82788 )
( -39.57951, 39.54143 )
( -39.57951, 39.39231 )
( -39.57951, 39.46074 )
( -39.57951, 39.46207 )
( -39.57951, 39.46276 )
( -39.57951, 39.46311 )
( -39.57951, 39.46328 )
( -39.57951, 39.46342 )
( -39.57951, 39.46345 )
( -39.57951, 39.46346 )
( -39.57951, 39.46347 )
( -39.57951, 39.46347 )
( -39.57951, 39.46347 )
( -39.57951, 39.46347 )
( -39.57951, 39.46347 )
( -39.57951, 39.46347 )
( -39.57951, 39.46347 )
( -39.57951, 39.46347 )
( -39.57951, 39.46347 )
( -39.57951, 39.46347 )
( -39.57951, 39.46347 )
( -39.57951, 39.46347 )
( -39.57951, 39.46347 )
( -39.57951, 39.46347 )
( -39.57951, 39.46347 )
( -39.57951, 39.46347 )
( -39.57951, 39.46347 )
( -39.57951, 39.46347 )
( -39.57951, 39.46347 )
( -39.57951, 39.46347 )
( -39.57951, 39.46347 )
( -39.57951, 39.46347 )
( -39.57951, 39.46347 )
( -39.57951, 39.46347 )
( -39.57951, 39.46347 )
( -39.57951, 39.46347 )
( -39.57951, 39.46347 )
( -39.57951, 39.46347 )
( -39.57951, 39.46347 )
( -39.57951, 39.46347 )
( -39.57951, 39.46347 )
( -39.57951, 39.46347 )
( -39.57951, 39.46347 )
( -39.57951, 39.46347 )
( -39.57951, 39.46347 )
( -39.57951, 39.46347 )
( -39.57951, 39.46347 )
( -39.57951, 39.46347 )
( -39.57951, 39.46347 )
( -39.57951, 39.46347 )
( -39.57951, 39.46347 )
( -39.57951, 39.46347 )
( -39.57951, 39.46347 )
( -39.57951, 39.46347 )
( -39.57951, 39.46347 )
( -39.57951, 39.46347 )
( -39.57951, 39.46347 )
( -39.57951, 39.46347 )
( -39.57951, 39.46347 )
( -39.57951, 39.46347 )
( -39.57951, 39.46347 )
( -39.57951, 39.46347 )
( -39.57951, 39.46347 )
( -39.57951, 39.46347 )
( -39.57951, 39.46347 )
( -39.57951, 39.46347 )
( -39.57951, 39.46347 )
( -39.57951, 39.46347 )
( -39.57951, 39.46347 )
( -39.57951, 39.46347 )
( -39.57951, 39.46347 )
( -39.57951, 39.46347 )
( -39.57951, 39.46347 )
( -39.57951, 39.46347 )
( -39.57951, 39.46347 )
( -39.57951, 39.46347 )
( -39.57951, 39.46347 )
( -39.57951, 39.46347 )
( -39.57951, 39.46347 )
( -39.57951, 39.46347 )
( -39.57951, 39.46347 )
( -39.57951, 39.46347 )
( -39.57951, 39.46347 )
( -39.57951, 39.46347 )
( -39.57951, 39.46347 )
( -39.57951, 39.46347 )
( -39.57951, 39.46347 )
( -39.57951, 39.46347 )
( -39.57951, 39.46347 )
( -39.57951, 39.46347 )
( -39.57951, 39.46347 )
( -39.57951, 39.46347 )
( -39.57951, 39.46347 )
( -39.57951, 39.46347 )
( -39.57951, 39.46347 )
( -39.57951, 39.46347 )
( -39.57951, 39.46347 )
( -39.57951, 39.46347 )
( -39.57951, 39.46347 )
( -39.57951, 39.46347 )
( -39.57951, 39.46347 )
( -39.57951, 39.46347 )
( -39.57951, 39.46347 )
( -39.57951, 39.46347 )
( -39.57951, 39.46347 )
( -39.57951, 39.46347 )
( -39.57951, 39.46347 )
( -39.57951, 39.46347 )
( -39.57951, 39.46347 )
( -39.57951, 39.46347 )
( -39.57951, 39.46347 )
( -39.57951, 39.46347 )
( -39.57951, 39.46347 )
( -39.57951, 39.46347 )
( -39.57951, 39.46347 )
( -39.57951, 39.46347 )
( -39.57951, 39.46347 )
( -39.57951, 39.46347 )
( -39.57951, 39.46347 )
( -39.57951, 39.46347 )
( -39.57951, 39.46347 )
( -39.57951, 39.46347 )
( -39.57951, 39.46347 )
( -39.57951, 39.46347 )
( -39.57951, 39.46347 )
( -39.57951, 39.46347 )
( -39.39187, 39.46347 )
( -39.25275, 39.46347 )
( -39.11152, 39.46347 )
( -38.81152, 39.46347 )
( -38.66493, 39.46347 )
( -38.52188, 39.46347 )
( -38.33334, 39.46347 )
( -38.12522, 39.46347 )
( -37.97431, 39.46347 )
( -37.82688, 39.46347 )
( -37.67753, 39.46347 )
( -37.52273, 39.46347 )
( -37.36992, 39.46347 )
( -37.06992, 39.46347 )
( -36.91783, 39.46347 )
